%Output

r1=-4.061957,    v1(0.768708, -0.221219, -0.369638, -0.395024, -0.259758)
r2=-12.760543,    v2(0.088410, 0.591416, -0.440508, 0.525732, -0.414692)
r3=11.023392,    v3(0.411832, -0.343172, 0.542707, 0.615681, -0.197568)
r4=4.574952,    v4(-0.104083, -0.546165, -0.607287, 0.422200, 0.379237)
r5=16.224156,    v5(0.469929, 0.430380, 0.077408, 0.101217, 0.760068)